Month Total Paid   Interest  Principal
    1    5000.00    2500.00  247500.00
    2   10000.00    2475.00  244975.00
    3   15000.00    2449.75  242424.75
    4   20000.00    2424.25  239849.00
    5   25000.00    2398.49  237247.49
    6   30000.00    2372.47  234619.96
    7   35000.00    2346.20  231966.16
    8   40000.00    2319.66  229285.82
    9   45000.00    2292.86  226578.68
   10   50000.00    2265.79  223844.47
   11   55000.00    2238.44  221082.91
   12   60000.00    2210.83  218293.74
   13   65000.00    2182.94  215476.68
   14   70000.00    2154.77  212631.45
   15   75000.00    2126.31  209757.76
   16   80000.00    2097.58  206855.34
   17   85000.00    2068.55  203923.89
   18   90000.00    2039.24  200963.13
   19   95000.00    2009.63  197972.76
   20  100000.00    1979.73  194952.49
   21  105000.00    1949.52  191902.01
   22  110000.00    1919.02  188821.04
   23  115000.00    1888.21  185709.25
   24  120000.00    1857.09  182566.34
   25  125000.00    1825.66  179392.00
   26  130000.00    1793.92  176185.92
   27  135000.00    1761.86  172947.78
   28  140000.00    1729.48  169677.26
   29  145000.00    1696.77  166374.03
   30  150000.00    1663.74  163037.77
   31  155000.00    1630.38  159668.15
   32  160000.00    1596.68  156264.83
   33  165000.00    1562.65  152827.48
   34  170000.00    1528.27  149355.75
   35  175000.00    1493.56  145849.31
   36  180000.00    1458.49  142307.80
   37  185000.00    1423.08  138730.88
   38  190000.00    1387.31  135118.19
   39  195000.00    1351.18  131469.37
   40  200000.00    1314.69  127784.07
   41  205000.00    1277.84  124061.91
   42  210000.00    1240.62  120302.53
   43  215000.00    1203.03  116505.55
   44  220000.00    1165.06  112670.61
   45  225000.00    1126.71  108797.31
   46  230000.00    1087.97  104885.29
   47  235000.00    1048.85  100934.14
   48  240000.00    1009.34   96943.48
   49  245000.00     969.43   92912.92
   50  250000.00     929.13   88842.04
   51  255000.00     888.42   84730.46
   52  260000.00     847.30   80577.77
   53  265000.00     805.78   76383.55
   54  270000.00     763.84   72147.38
   55  275000.00     721.47   67868.86
   56  280000.00     678.69   63547.55
   57  285000.00     635.48   59183.02
   58  290000.00     591.83   54774.85
   59  295000.00     547.75   50322.60
   60  300000.00     503.23   45825.83
   61  305000.00     458.26   41284.08
   62  310000.00     412.84   36696.92
   63  315000.00     366.97   32063.89
   64  320000.00     320.64   27384.53
   65  325000.00     273.85   22658.38
   66  330000.00     226.58   17884.96
   67  335000.00     178.85   13063.81
   68  340000.00     130.64    8194.45
   69  345000.00      81.94    3276.39
   70  348309.16      32.76       0.00
